<?xml version="1.0" encoding="UTF-8" standalone="no"?>
<!-- Designed by Vexels.com - 2016 All Rights Reserved - https://vexels.com/terms-and-conditions/  -->

<svg
   xmlns:dc="http://purl.org/dc/elements/1.1/"
   xmlns:cc="http://creativecommons.org/ns#"
   xmlns:rdf="http://www.w3.org/1999/02/22-rdf-syntax-ns#"
   xmlns:svg="http://www.w3.org/2000/svg"
   xmlns="http://www.w3.org/2000/svg"
   xmlns:sodipodi="http://sodipodi.sourceforge.net/DTD/sodipodi-0.dtd"
   xmlns:inkscape="http://www.inkscape.org/namespaces/inkscape"
   version="1.1"
   id="Layer_1"
   x="0px"
   y="0px"
   width="1200px"
   height="1200px"
   viewBox="0 0 1200 1200"
   enable-background="new 0 0 1200 1200"
   xml:space="preserve"
   sodipodi:docname="unicorn.svg"
   inkscape:version="0.92.3 (2405546, 2018-03-11)"><metadata
   id="metadata189"><rdf:RDF><cc:Work
       rdf:about=""><dc:format>image/svg+xml</dc:format><dc:type
         rdf:resource="http://purl.org/dc/dcmitype/StillImage" /></cc:Work></rdf:RDF></metadata><defs
   id="defs187">
			
			
			
		
			
			
		
		
		
		
		
		
		
		
		
		
		
		
		
		
		
		
		
		
		
		
		
		
		
		
		
		
		
		
		
		
		
		
		
		
	
			
			
		
			
			
		
			
			
			
		
	

			
			
			
			
			
			
			
			
			
		
			
			
		
			
			
		
			
			
		</defs><sodipodi:namedview
   pagecolor="#ffffff"
   bordercolor="#666666"
   borderopacity="1"
   objecttolerance="10"
   gridtolerance="10"
   guidetolerance="10"
   inkscape:pageopacity="0"
   inkscape:pageshadow="2"
   inkscape:window-width="1600"
   inkscape:window-height="837"
   id="namedview185"
   showgrid="false"
   inkscape:zoom="1.1125147"
   inkscape:cx="510.5718"
   inkscape:cy="457.14208"
   inkscape:window-x="-8"
   inkscape:window-y="-8"
   inkscape:window-maximized="1"
   inkscape:current-layer="Layer_1" />
<path
   inkscape:connector-curvature="0"
   style="fill:#114454;fill-opacity:1"
   id="path2"
   d="m 619.616,393.659 c -0.307,-2.36 -0.622,-4.725 -0.958,-7.077 -0.063,-0.43 -0.114,-0.861 -0.18,-1.303 -3.864,-27.82 -3.622,-55.999 -5.408,-84 -0.367,-5.651 -0.776,-11.292 -1.258,-16.93 v -0.117 c -0.096,-1.038 -0.19,-2.099 -0.272,-3.149 0,0 0,-0.01 0,-0.023 -3.9,-44.361 -10.925,-88.064 -17.488,-132.153 -4.831,-32.519 -9.231,-75.086 -36.695,-97.301 -4.075,-3.273 -10.493,-1.408 -10.575,4.392 -0.474,31.79 2.909,63.458 2.374,95.268 -0.589,33.875 -1.231,67.746 -2.374,101.603 -1.146,33.873 -1.977,67.658 -2.521,101.438 -0.095,5.722 -0.191,11.438 -0.242,17.159 -0.146,10.336 -0.263,20.658 -0.347,30.996 -0.042,5.069 -0.073,10.166 -0.104,15.261 -0.084,14.104 -0.127,28.232 -0.116,42.369 v 4.243 c 0,3.296 2.112,5.239 4.601,5.808 0.481,0.198 1.018,0.314 1.584,0.388 0.188,0.021 0.368,0.053 0.558,0.062 10.292,1.2 20.019,1.922 30.279,2.439 14.389,0.702 31.97,-18.106 36.537,-30.344 5.868,-15.776 4.706,-32.582 2.605,-49.029 z m -47.485,65.769 c -5.472,-1.271 -10.702,-0.861 -16.29,-0.937 -0.008,-12.098 -0.008,-24.188 0.022,-36.276 0.011,-4.233 0.044,-8.475 0.064,-12.721 0.064,-15.227 0.188,-30.435 0.376,-45.653 0.075,-5.408 0.146,-10.817 0.241,-16.227 0.18,-12.16 0.43,-24.313 0.735,-36.478 0.095,-4.213 0.198,-8.425 0.336,-12.646 0.295,-10.984 0.663,-21.97 1.071,-32.968 0.063,-1.616 0.127,-3.234 0.191,-4.843 0.093,-2.552 0.188,-5.116 0.271,-7.688 0.44,-11.951 0.797,-23.916 1.092,-35.876 0.105,-4.257 0.198,-8.52 0.282,-12.781 0.23,-9.852 0.421,-19.703 0.59,-29.546 0.084,-4.254 0.156,-8.509 0.241,-12.764 0.011,-0.999 0.044,-1.992 0.053,-2.993 0.18,-10.86 -0.009,-21.72 -0.367,-32.558 -0.146,-4.485 -0.313,-8.961 -0.493,-13.423 -0.556,-13.811 -1.176,-27.591 -1.366,-41.413 4.79,6.609 8.402,14.181 11.216,22.214 2.385,6.818 4.201,13.97 5.694,21.156 1.69,8.221 2.939,16.486 4.096,24.303 0.429,2.917 0.85,5.757 1.27,8.506 0.62,4.022 1.229,8.056 1.847,12.069 1.609,10.447 3.233,20.907 4.779,31.36 0.746,4.894 1.458,9.808 2.165,14.705 1.278,8.802 2.499,17.625 3.635,26.454 0.839,6.46 1.638,12.921 2.361,19.376 1.029,8.939 1.941,17.889 2.721,26.868 0.138,1.522 0.252,3.062 0.377,4.58 v 0.137 c 0.523,6.168 1.009,12.342 1.448,18.509 0.566,7.77 1.081,15.542 1.596,23.313 0.402,6.208 0.8,12.422 1.22,18.619 0.809,12.5 1.671,24.99 2.68,37.474 0.536,6.569 1.103,13.144 1.754,19.729 v 0.009 c 0.095,1.039 0.188,2.059 0.305,3.098 2.112,20.925 -4.276,62.81 -36.213,55.312 z" /><path
   inkscape:connector-curvature="0"
   style="fill:#a8c545;fill-opacity:1"
   id="path4"
   d="m 569.276,97.649 c 0.264,6.176 -3.517,12.103 -8.728,15.406 -0.556,-13.81 -1.176,-27.59 -1.366,-41.412 4.79,6.608 8.402,14.181 11.216,22.214 -0.745,0.945 -1.186,2.216 -1.122,3.792 z" /><path
   inkscape:connector-curvature="0"
   style="fill:#a8c545;fill-opacity:1"
   id="path6"
   d="m 588.085,191.251 c -6.375,5.975 -16.669,17.908 -26.151,13.559 -0.472,-0.219 -0.946,-0.378 -1.409,-0.471 0.23,-9.851 0.421,-19.702 0.59,-29.545 8.476,-2.112 16.425,-7.752 22.191,-14.902 1.61,10.446 3.236,20.906 4.779,31.359 z" /><path
   inkscape:connector-curvature="0"
   style="fill:#a8c545;fill-opacity:1"
   id="path8"
   d="m 599.344,283.233 v 0.139 c -0.672,13.201 -31.75,17.834 -41.728,15.122 0.295,-10.983 0.663,-21.97 1.071,-32.968 13.107,4.002 28.475,-2.939 37.56,-13.739 1.028,8.938 1.941,17.887 2.72,26.866 0.136,1.524 0.252,3.061 0.377,4.58 z" /><path
   inkscape:connector-curvature="0"
   style="fill:#a8c545;fill-opacity:1"
   id="path10"
   d="m 606.288,381.287 c -0.799,0.516 -1.48,1.306 -1.996,2.419 -8.232,17.716 -28.947,30.499 -48.365,25.791 0.063,-15.228 0.188,-30.436 0.376,-45.654 14.946,8.151 36.297,-5.399 47.304,-20.03 0.811,12.5 1.672,24.989 2.681,37.474 z" /><path
   inkscape:connector-curvature="0"
   style="fill:#db495e;fill-opacity:1"
   id="path12"
   d="m 580.194,139.319 c -0.28,0.484 -0.525,1.061 -0.695,1.693 -2.082,7.846 -9.709,17.674 -18.139,21.025 0.014,-0.998 0.04,-1.999 0.049,-2.997 0.184,-10.865 -0.011,-21.721 -0.364,-32.563 5.932,-2.178 11.28,-6.284 15.043,-11.461 1.693,8.223 2.947,16.482 4.106,24.303 z" /><path
   inkscape:connector-curvature="0"
   style="fill:#db495e;fill-opacity:1"
   id="path14"
   d="m 593.883,232.411 c -1.218,0.687 -2.216,1.867 -2.716,3.609 -3.171,11.085 -18.459,21.195 -29.882,17.332 -0.758,-0.251 -1.475,-0.362 -2.132,-0.349 0.438,-11.954 0.792,-23.917 1.084,-35.879 11.463,2.9 21.245,-3.568 30.017,-11.172 1.281,8.808 2.497,17.629 3.629,26.459 z" /><path
   inkscape:connector-curvature="0"
   style="fill:#db495e;fill-opacity:1"
   id="path16"
   d="m 602.386,325.19 c -1.973,0.412 -3.75,1.729 -4.557,4.153 -3.86,11.694 -28.797,33.78 -39.639,19.772 -0.515,-0.672 -1.074,-1.156 -1.647,-1.5 0.184,-12.156 0.427,-24.313 0.732,-36.473 11.781,2.096 31.308,-1.036 43.513,-9.271 0.574,7.774 1.088,15.544 1.598,23.319 z" /><path
   inkscape:connector-curvature="0"
   style="fill:#db495e;fill-opacity:1"
   id="path18"
   d="m 572.127,459.435 c -5.471,-1.28 -10.696,-0.868 -16.287,-0.94 -0.013,-12.099 -0.013,-24.195 0.023,-36.275 19.224,3.544 39.848,-5.948 52.174,-21.198 0.099,1.037 0.194,2.06 0.305,3.094 2.11,20.928 -4.274,62.81 -36.215,55.319 z" /><g
   transform="translate(0,0.001)"
   id="g24"
   style="fill:#114454;fill-opacity:1">
			<path
   d="m 581.668,97.648 c 0.252,6.292 -1.911,12.328 -5.576,17.364 -3.772,5.177 -9.118,9.284 -15.051,11.469 -0.472,0.176 -0.945,0.333 -1.431,0.482 -7.634,2.395 -10.889,-9.568 -3.287,-11.942 1.481,-0.463 2.89,-1.125 4.223,-1.967 5.211,-3.304 8.991,-9.23 8.728,-15.406 -0.063,-1.576 0.376,-2.847 1.122,-3.792 2.997,-3.864 11.011,-2.583 11.272,3.792 z"
   id="path22"
   style="fill:#114454;fill-opacity:1"
   inkscape:connector-curvature="0" />
		</g><g
   transform="translate(0,0.001)"
   id="g28"
   style="fill:#114454;fill-opacity:1">
			<path
   d="m 591.448,144.301 c -1.45,5.471 -4.327,10.86 -8.142,15.588 -5.765,7.15 -13.716,12.79 -22.191,14.902 -1.313,0.334 -2.647,0.589 -3.98,0.722 -7.92,0.903 -7.834,-11.488 0,-12.381 1.407,-0.157 2.835,-0.535 4.222,-1.104 8.436,-3.338 16.057,-13.18 18.139,-21.017 0.179,-0.636 0.421,-1.206 0.693,-1.699 3.243,-5.441 13.137,-2.091 11.259,4.989 z"
   id="path26"
   style="fill:#114454;fill-opacity:1"
   inkscape:connector-curvature="0" />
		</g><g
   transform="translate(0,0.001)"
   id="g32"
   style="fill:#114454;fill-opacity:1">
			<path
   d="m 597.361,199.538 c -2.312,2.098 -4.673,4.294 -7.11,6.415 -8.771,7.606 -18.548,14.063 -30.008,11.165 -1.492,-0.359 -3.013,-0.892 -4.559,-1.609 -6.773,-3.119 -1.722,-12.646 4.844,-11.174 0.46,0.093 0.935,0.251 1.408,0.471 9.482,4.35 19.776,-7.584 26.151,-13.559 0.169,-0.158 0.345,-0.317 0.514,-0.471 5.87,-5.388 14.652,3.353 8.76,8.762 z"
   id="path30"
   style="fill:#114454;fill-opacity:1"
   inkscape:connector-curvature="0" />
		</g><g
   transform="translate(0,0.001)"
   id="g40"
   style="fill:#114454;fill-opacity:1">
			<path
   d="m 596.248,251.786 c -9.085,10.8 -24.449,17.742 -37.56,13.739 0.063,-1.615 0.127,-3.234 0.191,-4.843 0.093,-2.553 0.188,-5.117 0.271,-7.688 0.662,-0.012 1.377,0.104 2.132,0.355 11.426,3.865 26.719,-6.248 29.88,-17.339 0.507,-1.732 1.503,-2.921 2.721,-3.604 0.841,6.463 1.64,12.926 2.365,19.38 z"
   id="path34"
   style="fill:#114454;fill-opacity:1"
   inkscape:connector-curvature="0" />
			<path
   d="m 559.153,253.001 c -0.086,2.568 -0.183,5.126 -0.279,7.688 -0.059,1.606 -0.121,3.223 -0.182,4.832 l -0.694,-0.216 c -6.774,-2.291 -4.836,-12.209 1.155,-12.304 z"
   id="path36"
   style="fill:#114454;fill-opacity:1"
   inkscape:connector-curvature="0" />
			<path
   d="m 603.117,239.308 c -1.267,4.432 -3.678,8.698 -6.869,12.485 -0.733,-6.469 -1.523,-12.926 -2.364,-19.383 4.167,-2.364 10.928,0.939 9.233,6.898 z"
   id="path38"
   style="fill:#114454;fill-opacity:1"
   inkscape:connector-curvature="0" />
		</g><g
   transform="translate(0,0.001)"
   id="g44"
   style="fill:#114454;fill-opacity:1">
			<path
   d="m 611.812,284.229 v 0.117 c -0.074,7.277 -4.505,13.131 -11.019,17.532 -12.205,8.231 -31.739,11.362 -43.513,9.262 -1.249,-0.209 -2.404,-0.494 -3.456,-0.842 -7.572,-2.415 -4.327,-14.392 3.296,-11.951 0.158,0.051 0.326,0.105 0.494,0.146 9.978,2.712 41.056,-1.921 41.728,-15.123 v -0.138 c 0.021,-0.451 0,-0.923 -0.062,-1.396 -0.957,-7.657 10.585,-7.824 12.254,-0.779 0,0.015 0,0.022 0,0.022 0.065,0.241 0.096,0.495 0.139,0.757 0.097,0.809 0.139,1.618 0.139,2.393 z"
   id="path42"
   style="fill:#114454;fill-opacity:1"
   inkscape:connector-curvature="0" />
		</g><g
   transform="translate(0,0.001)"
   id="g48"
   style="fill:#114454;fill-opacity:1">
			<path
   d="m 609.784,332.649 c -1.187,3.549 -3.329,7.402 -6.174,11.162 -11.009,14.629 -32.358,28.179 -47.306,20.03 -1.397,-0.743 -2.741,-1.692 -4.013,-2.846 0,0 0,-0.022 -0.009,-0.022 0,0 0,-0.009 -0.012,-0.009 v -0.012 c -0.987,-0.895 -1.933,-1.91 -2.836,-3.079 -0.084,-0.115 -0.168,-0.222 -0.229,-0.345 l -0.031,-0.022 c -3.772,-5.545 2.562,-12.815 7.374,-9.894 0.577,0.346 1.133,0.828 1.649,1.502 10.838,14.01 35.771,-8.075 39.636,-19.777 0.801,-2.425 2.583,-3.738 4.557,-4.148 4.138,-0.848 9.095,2.292 7.394,7.46 z"
   id="path46"
   style="fill:#114454;fill-opacity:1"
   inkscape:connector-curvature="0" />
		</g><g
   transform="translate(0,0.001)"
   id="g52"
   style="fill:#114454;fill-opacity:1">
			<path
   d="m 614.994,389.965 c -1.824,3.917 -4.159,7.622 -6.952,11.048 v 0.011 c -12.33,15.251 -32.959,24.745 -52.178,21.192 -2.373,-0.419 -4.726,-1.061 -7.036,-1.91 -0.674,-0.239 -1.249,-0.558 -1.745,-0.946 h -0.009 c -4.937,-3.729 -1.955,-13.021 4.537,-11.174 0.178,0.049 0.346,0.104 0.514,0.167 1.26,0.462 2.522,0.841 3.804,1.144 19.418,4.708 40.131,-8.075 48.364,-25.791 0.515,-1.113 1.198,-1.901 1.998,-2.419 4.323,-2.877 11.528,2.582 8.703,8.678 z"
   id="path50"
   style="fill:#114454;fill-opacity:1"
   inkscape:connector-curvature="0" />
		</g><g
   transform="translate(0,0.001)"
   id="g56"
   style="fill:#114454;fill-opacity:1">
			<path
   d="m 553.318,410.366 c 3.362,4.87 -1.596,9.498 -6.235,8.987 h -0.014 c -1.253,-0.136 -2.471,-0.645 -3.509,-1.631 -0.327,-0.317 -0.645,-0.685 -0.938,-1.097 -5.676,-8.223 -25.653,-1.582 -33.168,1.147 -10.088,3.679 -17.558,9.098 -25.083,16.763 -17.029,17.322 -30.212,37.53 -41.041,59.202 -12.025,24.096 -21.845,49.787 -33.745,74.238 0,0.009 -0.013,0.021 -0.013,0.036 -5.272,10.842 -10.95,21.44 -17.422,31.54 -2.604,4.092 -5.348,8.111 -8.248,12.021 -0.67,0.903 -1.339,1.805 -2.034,2.695 -5.299,6.943 -11.193,13.775 -17.603,20.233 -11.037,11.146 -23.597,21.186 -37.275,28.786 -8.066,4.497 -16.521,8.138 -25.29,10.657 -7.615,2.193 -15.449,3.548 -23.476,3.888 -21.731,0.916 -45.377,-4.25 -62.761,-18.076 -15.652,-12.439 -21.441,-25.842 -27.372,-41.992 -0.013,-0.013 -0.013,-0.026 -0.013,-0.037 -2.472,-4.181 -4.277,-8.917 -5.251,-14.255 -1.434,-7.906 9.101,-10.744 11.941,-3.285 1.402,3.666 2.644,7.358 3.86,11.012 13.022,23.472 50.715,23.204 72.021,11.779 19.1,-10.258 35.837,-24.216 50.433,-40.2 22.84,-25.009 40.565,-52.981 57.635,-81.558 3.679,-6.14 7.32,-12.316 10.975,-18.492 5.981,-10.101 11.998,-20.226 18.25,-30.247 7.771,-12.476 16.03,-24.585 24.642,-36.452 2.473,-3.422 4.982,-6.819 7.528,-10.193 2.67,-3.567 5.373,-7.114 8.102,-10.649 9.771,-12.645 21.036,-26.909 35.509,-34.854 0.269,-0.154 0.539,-0.303 0.817,-0.436 h 0.011 c 1.353,-0.732 2.719,-1.39 4.131,-1.983 0.438,-0.184 0.888,-0.365 1.363,-0.549 2.072,-0.826 4.482,-1.643 7.14,-2.427 13.84,-4.043 34.305,-6.856 47.073,-0.63 1.825,0.888 3.46,1.961 4.92,3.202 l 0.024,0.025 c 1.169,1.022 2.181,2.132 3.07,3.422 v 0.013 c 0.012,0 0.012,0.014 0.012,0.014 0.013,0 0.013,0.014 0.013,0.014 1.05,1.485 1.874,3.141 2.486,5.019 2.205,6.76 -6.956,10.061 -10.771,5.459 -0.5,-0.59 -0.902,-1.304 -1.181,-2.157 -2.292,-7.032 -21.247,-5.996 -26.985,-5.64 -13.958,0.877 -26.921,6.261 -37.166,15.845 -15.982,14.938 -29.163,33.331 -41.65,51.237 -29.297,42.014 -50.641,89.279 -81.581,130.152 -23.001,30.357 -52.736,64.941 -89.988,77.819 -16.701,5.77 -38.651,5.517 -55.854,-2.365 2.643,3.983 5.884,7.7 10.052,11.003 12.608,10.022 29.625,17.673 45.999,18.163 18.492,0.548 36.729,-4.021 53.198,-12.293 h 0.013 c 1.827,-0.902 3.618,-1.861 5.397,-2.878 7.701,-4.336 14.945,-9.486 21.585,-15.297 33.415,-29.227 51.238,-69.194 68.866,-108.979 17.113,-38.63 35.558,-79.96 68.826,-107.629 12.817,-10.656 42.042,-23.828 60.131,-15.995 2.997,1.292 5.676,3.169 7.942,5.724 0.593,0.683 1.166,1.399 1.702,2.181 z"
   id="path54"
   style="fill:#114454;fill-opacity:1"
   inkscape:connector-curvature="0" />
		</g><path
   inkscape:connector-curvature="0"
   style="fill:#00c5a6;fill-opacity:1"
   id="path58"
   d="m 483.724,360.332 c -14.473,7.944 -25.738,22.21 -35.509,34.854 -2.729,3.536 -5.435,7.08 -8.103,10.65 -8.699,-10.794 -12.046,-31.282 -16.47,-44.062 -3.971,-11.476 -7.49,-23.109 -13.145,-33.772 26.229,2.978 53.039,13.572 72.835,30.812 0.051,0.523 0.172,1.034 0.392,1.518 z" /><path
   inkscape:connector-curvature="0"
   style="fill:#114454;fill-opacity:1"
   id="path60"
   d="m 492.142,364.695 c -2.143,-0.241 -3.679,-0.781 -5.627,-1.683 -1.429,-0.668 -2.315,-1.606 -2.791,-2.681 -0.22,-0.484 -0.341,-0.995 -0.391,-1.521 -19.794,-17.239 -46.606,-27.834 -72.835,-30.812 5.652,10.661 9.174,22.296 13.145,33.771 4.424,12.778 7.773,33.269 16.47,44.062 0.438,0.573 0.914,1.107 1.401,1.619 5.519,5.774 -3.227,14.543 -8.759,8.759 -0.061,-0.062 -0.109,-0.122 -0.173,-0.184 -3.021,-3.217 -5.321,-6.882 -7.199,-10.818 -1.753,-3.644 -3.119,-7.516 -4.361,-11.451 -1.985,-6.373 -3.618,-12.914 -5.849,-18.966 -6.358,-17.262 -10.609,-35.68 -21.722,-50.679 -2.837,-3.823 1.001,-9.429 5.348,-9.319 35.025,0.9 72.46,14.656 97.712,39.327 0.258,0.252 0.488,0.522 0.672,0.813 2.548,3.747 0.112,10.333 -5.041,9.763 z" /><path
   style="fill:#a8c545;fill-opacity:1"
   inkscape:connector-curvature="0"
   id="path64"
   d="m 432.583,416.029 c -8.613,11.865 -16.87,23.977 -24.642,36.452 -6.25,10.021 -12.269,20.146 -18.25,30.246 -1.412,0.328 -2.727,1.153 -3.738,2.645 -6.068,8.938 -30.856,1.336 -39.007,-1.003 -12.304,-3.52 -23.146,-13.022 -32,-23.744 39.272,8.798 74.978,-39.774 110.44,-55.414 1.875,3.936 4.176,7.602 7.197,10.818 z" /><path
   style="fill:#114454;fill-opacity:1"
   inkscape:connector-curvature="0"
   id="path66"
   d="m 427.114,404.47 c -0.572,0.23 -1.155,0.489 -1.728,0.741 -35.463,15.64 -71.166,64.212 -110.44,55.414 8.854,10.722 19.696,20.225 32,23.744 8.15,2.342 32.938,9.94 39.007,1.003 1.012,-1.491 2.326,-2.316 3.738,-2.645 4.8,-1.11 10.453,3.764 6.966,8.891 -4.044,5.948 -10.622,8.702 -17.94,9.603 -10.124,1.242 -21.672,-1.061 -29.896,-3.413 -26.045,-7.467 -45.172,-28.541 -58.705,-51.188 -3.766,-6.311 4.58,-11.949 9.733,-7.503 39.602,34.146 85.468,-28.42 121.173,-45.354 0.939,-0.45 1.876,-0.868 2.801,-1.242 7.395,-3.036 10.588,8.952 3.291,11.949 z" /><g
   transform="translate(0,0.001)"
   id="g72"
   style="fill:#114454;fill-opacity:1">
			<path
   d="m 656.534,455.111 c -10.429,31.948 -37.139,55.477 -64.741,73.143 -33.976,21.726 -72.73,31.809 -107.475,51.588 -18.77,10.691 -42.999,27.536 -47.567,50.58 -3.36,16.931 1.461,32.338 2.364,48.577 0.157,2.858 0.188,5.733 0.054,8.664 -0.169,3.439 -2.813,5.976 -5.894,6.166 -1.113,0.07 -2.302,-0.19 -3.436,-0.817 -3.276,-1.831 -6.333,-4.048 -9.157,-6.604 -6.322,-5.694 -11.554,-13.067 -15.713,-21.492 -9.387,-18.915 -13.475,-43.095 -12.814,-65.368 0.485,-16.584 3.604,-32.128 9.104,-43.639 3.447,-7.205 14.116,-0.915 10.705,6.246 -0.874,1.799 -1.66,3.75 -2.387,5.82 0,0.011 -0.011,0.021 -0.011,0.031 -9.073,26.049 -6.512,71.137 9.946,97.584 2.069,3.338 4.358,6.386 6.891,9.054 -1.219,-13.255 -4.339,-26.205 -2.962,-40.112 1.029,-10.229 5.704,-19.535 11.418,-27.987 1.512,-2.261 3.108,-4.444 4.727,-6.579 17.373,-22.853 45.729,-35.605 71.555,-46.159 37.243,-15.217 74.979,-31.31 104.545,-59.582 31.436,-30.08 44.134,-69.402 5.002,-99.548 -0.42,-0.323 -0.771,-0.659 -1.072,-1.021 -1.774,-2.087 -1.879,-4.85 -0.956,-7.077 1.336,-3.211 4.777,-5.295 8.275,-2.604 4.211,3.243 8.245,6.794 11.923,10.608 3.089,3.172 5.923,6.521 8.433,10.041 10.345,14.429 15.386,31.665 9.243,50.487 z"
   id="path70"
   style="fill:#114454;fill-opacity:1"
   inkscape:connector-curvature="0" />
		</g><path
   inkscape:connector-curvature="0"
   style="fill:#a8c545;fill-opacity:1"
   id="path74"
   d="m 615.69,494.227 c -29.564,28.272 -67.304,44.365 -104.546,59.582 -25.826,10.549 -54.185,23.303 -71.556,46.155 -1.62,2.137 -3.217,4.323 -4.727,6.581 0.063,-0.504 0.133,-1.012 0.193,-1.514 3.095,-23.509 6.006,-48.837 17.883,-69.813 17.384,-30.698 59.485,-58.484 94.18,-63.248 1.34,-0.182 2.352,-0.682 3.07,-1.377 10.293,1.195 20.026,1.925 30.285,2.439 14.387,0.706 31.966,-18.104 36.533,-30.349 5.869,-15.771 4.715,-32.57 2.604,-49.019 0.307,0.354 0.657,0.695 1.074,1.012 39.145,30.151 26.434,69.471 -4.993,99.551 z" /><path
   inkscape:connector-curvature="0"
   style="fill:#db495e;fill-opacity:1"
   id="path76"
   d="m 543.56,417.724 c -0.083,14.107 -0.121,28.226 -0.108,42.369 -38.373,5.409 -76.589,34.512 -98.807,65.175 -14.473,19.951 -17.604,47.704 -20.855,71.358 -3.156,22.938 -5.762,45.95 -4.276,68.96 -16.458,-26.444 -19.018,-71.528 -9.941,-97.575 0,-0.014 0.013,-0.026 0.013,-0.035 11.9,-24.452 21.72,-50.143 33.745,-74.239 10.829,-21.671 24.012,-41.879 41.041,-59.201 7.525,-7.666 14.995,-13.084 25.083,-16.764 7.515,-2.727 27.492,-9.367 33.168,-1.146 0.293,0.413 0.61,0.78 0.937,1.098 z" /><path
   inkscape:connector-curvature="0"
   style="fill:#114454;fill-opacity:1"
   id="path78"
   d="m 550.494,470.264 c -0.086,0.124 -0.184,0.23 -0.306,0.327 -0.719,0.695 -1.729,1.195 -3.07,1.377 -34.694,4.764 -76.796,32.55 -94.18,63.248 -11.877,20.979 -14.788,46.304 -17.883,69.813 -0.061,0.504 -0.133,1.01 -0.193,1.511 -2.937,22.599 -5.129,45.633 -2.167,68.308 0.184,1.508 0.403,3.004 0.646,4.505 0.073,0.449 0.099,0.891 0.086,1.303 -0.023,1.672 -0.694,3.081 -1.706,4.166 -0.72,0.783 -1.607,1.39 -2.571,1.777 h -0.012 c -0.366,0.146 -0.742,0.272 -1.12,0.354 -0.401,0.099 -0.815,0.16 -1.218,0.169 -2.497,0.125 -4.874,-1.216 -5.396,-4.479 -0.929,-5.686 -1.537,-11.367 -1.891,-17.057 -1.485,-23.012 1.12,-46.022 4.276,-68.96 3.255,-23.656 6.383,-51.409 20.855,-71.358 22.22,-30.665 60.434,-59.766 98.807,-65.175 0.122,-0.025 0.256,-0.048 0.376,-0.059 0.354,-0.049 0.695,-0.076 1.022,-0.076 5.618,0.048 8.496,6.956 5.645,10.306 z" /><g
   transform="translate(0,0.001)"
   id="g84"
   style="fill:#114454;fill-opacity:1">
			<path
   d="m 746.268,417.881 c -0.454,4.115 -1.111,8.202 -2.058,12.232 -1.481,6.472 -3.666,12.791 -6.719,18.968 -1.946,3.906 -4.225,7.773 -6.904,11.543 -2.837,3.98 -6.111,7.888 -9.871,11.699 -1.407,1.408 -2.858,2.816 -4.389,4.191 -0.39,0.345 -0.778,0.706 -1.167,1.042 -1.744,1.541 -3.728,1.88 -5.513,1.47 h -0.013 c -4.328,-1.021 -7.488,-6.479 -3.234,-10.229 2.289,-2.005 4.41,-4.064 6.354,-6.134 31.404,-33.296 22.392,-74.622 16.647,-116.446 -0.579,-4.104 -1.115,-8.212 -1.573,-12.327 -2.976,2.982 -6.418,5.543 -10.199,7.834 -4.579,2.793 -9.62,5.209 -14.882,7.55 -26.596,11.775 -40.816,31.406 -55.457,55.354 -0.482,0.805 -0.978,1.604 -1.458,2.414 -4.141,6.816 -14.851,0.608 -10.704,-6.248 1.228,-2.036 2.481,-4.107 3.731,-6.208 10.855,-18.076 22.768,-37.494 41.401,-48.04 17.225,-9.735 42.01,-13.863 46.253,-36.276 1.331,-7.065 12.058,-5.147 12.162,1.637 0.607,36.38 11.216,72.688 7.593,105.974 z"
   id="path82"
   style="fill:#114454;fill-opacity:1"
   inkscape:connector-curvature="0" />
		</g><g
   transform="translate(0,0.001)"
   id="g88"
   style="fill:#114454;fill-opacity:1">
			<path
   d="m 729.402,346.217 c -8.53,42.086 -65.514,65.927 -45.742,113.947 3.048,7.382 -8.938,10.574 -11.929,3.286 -9.957,-24.114 -4.257,-45.204 10.743,-65.631 13.053,-17.758 32.106,-33.705 35.152,-56.096 0.37,-2.614 0.504,-5.313 0.39,-8.108 -0.223,-5.473 5.525,-7.184 9.264,-5.167 1.197,0.651 2.208,1.692 2.731,3.098 0.229,0.618 0.367,1.301 0.397,2.069 0.179,4.39 -0.198,8.58 -1.006,12.602 z"
   id="path86"
   style="fill:#114454;fill-opacity:1"
   inkscape:connector-curvature="0" />
		</g><g
   transform="translate(0,0.001)"
   id="g92"
   style="fill:#114454;fill-opacity:1">
			<path
   d="m 717.458,511.618 c -1.805,23.146 -3.034,46.326 -5.483,69.432 -2.194,20.818 -3.392,42.472 -11.186,62.179 -6.876,17.372 -16.226,33.156 -26.088,48.981 -23.45,37.59 -59.789,73.624 -60.16,120.365 -0.252,32.687 3.688,70.901 -19.776,97.495 -2.196,2.478 -4.474,4.729 -6.85,6.721 -6.103,5.18 -12.762,8.796 -19.712,11.06 -30.017,9.814 -65.56,-5.615 -86.438,-30.94 -19.473,-23.608 -19.188,-50.782 -19.661,-79.938 -0.42,-24.765 1.24,-53.088 -5.441,-77.132 -4.683,-16.922 -14.557,-31.142 -23.389,-46.012 -1.408,-2.396 -2.805,-4.787 -4.129,-7.227 h -0.011 c -0.451,-0.817 -0.892,-1.652 -1.324,-2.482 -2.383,-4.479 1.081,-8.649 4.884,-9.27 2.165,-0.358 4.443,0.452 5.809,3.014 0.188,0.378 0.398,0.756 0.608,1.135 8.15,15.174 18.285,29.134 25.313,44.945 6.671,15.002 7.604,33.077 8.571,49.274 1.313,21.909 1.302,43.841 1.871,65.781 0.355,13.203 1.765,26.007 8.358,37.747 21.813,38.905 86.942,64.593 110.469,12.15 15.932,-35.543 -0.072,-75.261 13.623,-110.77 12.266,-31.801 35.268,-57.828 53.153,-86.514 10.281,-16.498 21.941,-33.199 28.366,-51.697 6.671,-19.125 8.742,-38.804 10.746,-58.867 2.134,-21.133 3.384,-42.272 5.009,-63.427 1.462,-18.778 2.618,-38.196 -5.378,-55.788 -3.267,-7.218 7.415,-13.519 10.713,-6.251 1.062,2.345 1.996,4.709 2.825,7.079 0.735,2.12 1.378,4.255 1.944,6.397 0.65,2.469 1.187,4.955 1.625,7.456 0.602,3.275 1.008,6.587 1.284,9.915 0.696,8.276 0.506,16.702 -0.145,25.189 z"
   id="path90"
   style="fill:#114454;fill-opacity:1"
   inkscape:connector-curvature="0" />
		</g><g
   transform="translate(0,0.001)"
   id="g96"
   style="fill:#114454;fill-opacity:1">
			<path
   d="m 420.682,686.407 c 0.207,12.672 -2.446,25.742 -5.505,37.4 -3.19,12.169 -8.309,22.549 -15.191,33.099 -9.405,14.397 -15.605,29.663 -22.486,45.341 -2.547,5.782 -11.693,2.702 -11.55,-3.131 0.427,-15.631 3.717,-31.674 2.305,-47.304 -1.585,-17.617 -6.896,-34.471 -9.744,-51.884 -0.074,-0.447 -0.144,-0.912 -0.209,-1.359 -0.781,-5.153 -1.146,-10.294 -1.181,-15.422 -0.136,-16.412 3.094,-32.646 7.149,-48.645 1.753,-6.943 3.665,-13.852 5.518,-20.7 1.803,-6.688 11.024,-5.118 12.085,0.463 0.17,0.855 0.146,1.799 -0.136,2.827 -5.857,21.622 -10.536,41.734 -11.072,62.501 -0.062,2.309 -0.072,4.617 -0.037,6.958 v 0.014 c 0.195,9.794 1.363,19.81 3.824,30.236 4.167,17.687 4.959,33.974 4.777,50.697 1.889,-3.788 3.961,-7.504 6.322,-11.118 6.555,-10.052 13.51,-20.003 16.603,-31.784 4.363,-16.589 10.342,-38.882 3.181,-55.436 -0.646,-1.489 -0.706,-2.936 -0.367,-4.241 1.304,-5.033 8.552,-7.834 11.072,-2.011 3.181,7.347 4.509,15.338 4.642,23.499 z"
   id="path94"
   style="fill:#114454;fill-opacity:1"
   inkscape:connector-curvature="0" />
		</g><g
   transform="translate(0,0.001)"
   id="g106"
   style="fill:#000000;fill-opacity:1">
			
			
			
			
		</g><g
   transform="translate(0,0.001)"
   id="g110"
   style="fill:#114454;fill-opacity:1">
			<path
   d="m 855.842,663.082 c -0.12,1.701 -0.268,3.407 -0.449,5.102 -0.295,2.962 -0.67,5.91 -1.133,8.856 -0.463,3.037 -1.012,6.064 -1.655,9.09 -0.563,2.607 -1.159,5.189 -1.829,7.744 -8.453,33.247 -25.12,63.132 -44.965,91.096 -11.985,16.884 -24.021,34.121 -36.875,50.668 -6.883,8.88 -14.021,17.553 -21.524,25.862 -4.749,5.262 -9.647,10.39 -14.715,15.314 -17.424,16.938 -36.461,32.036 -55.111,47.542 -4.765,3.961 -9.504,7.956 -14.182,12.016 -5.591,4.836 -11.095,9.767 -16.455,14.873 -25.256,24.002 -43.223,62.191 -30.32,97.454 7.122,19.505 27.517,32.33 48.583,26.863 9.911,-2.567 19.364,-8.809 15.02,-20.942 -2.269,-6.329 -5.739,-19.454 -14.522,-19.212 -8.224,0.221 -7.664,-11.39 0,-12.389 42.344,-5.529 60.814,39.472 50.031,75.596 -10.965,36.733 -53.21,62.023 -90.61,46.956 -80.144,-32.299 -89.328,-145.579 -56.922,-217.721 2.604,-5.824 5.491,-11.375 8.635,-16.604 3.969,-6.6 14.095,-1.018 11.072,5.545 -0.098,0.233 -0.222,0.478 -0.365,0.705 -32.757,54.443 -37.031,151.642 12.912,197.826 26.511,24.508 73.69,33.275 95.931,-3.325 2.415,-3.96 4.401,-8.433 5.897,-13.172 7.018,-21.979 3.826,-49.742 -14.253,-59.887 1.685,3.338 2.949,6.968 3.779,10.682 2.081,9.368 1.338,19.216 -2.877,25.865 -13.07,20.611 -48.385,14.264 -65.233,3.641 -25.021,-15.788 -26.152,-55.283 -19.806,-80.764 8.951,-35.898 34.998,-57.275 62.491,-79.915 34.376,-28.297 64.723,-57.146 92.303,-91.144 1.096,-1.354 2.181,-2.704 3.264,-4.071 3.144,-3.958 6.265,-7.979 9.335,-12.088 27.337,-36.456 58.143,-75.512 67.84,-121.118 11.258,-52.993 -0.645,-107.316 -22.901,-155.97 -17.178,-37.545 -41.784,-69.506 -85.641,-73.433 -0.157,-0.022 -0.304,-0.035 -0.462,-0.046 -7.895,-0.669 -7.966,-13.056 0,-12.388 2.507,0.206 4.957,0.498 7.358,0.887 59.776,9.147 88.315,65.453 105.096,119.395 9.432,30.372 15.563,62.703 13.258,94.611 z"
   id="path108"
   style="fill:#114454;fill-opacity:1"
   inkscape:connector-curvature="0" />
		</g><path
   inkscape:connector-curvature="0"
   style="fill:#db495e;fill-opacity:1"
   id="path112"
   d="m 591.862,940.632 c -19.734,61.165 -25.558,151.406 47.847,177.112 22.247,7.786 50.397,1.876 62.581,-18.918 -1.496,4.74 -3.48,9.212 -5.897,13.172 -22.24,36.603 -69.423,27.833 -95.931,3.325 -49.946,-46.185 -45.669,-143.383 -12.912,-197.826 0.144,-0.229 0.268,-0.472 0.365,-0.705 2.376,-1.995 4.655,-4.239 6.848,-6.723 23.461,-26.595 19.526,-64.807 19.786,-97.493 0.363,-46.741 36.702,-82.779 60.152,-120.365 9.871,-15.827 19.212,-31.618 26.093,-48.985 7.795,-19.703 8.993,-41.358 11.186,-62.179 2.446,-23.097 3.679,-46.278 5.481,-69.426 0.657,-8.489 0.841,-16.908 0.147,-25.191 28.673,28.689 40.783,65.733 48.384,105.546 9.551,49.936 -4.739,98.743 -28.347,142.627 -40.168,74.683 -119.251,123.764 -145.783,206.029 z" /><path
   inkscape:connector-curvature="0"
   style="fill:#114454;fill-opacity:1"
   id="path114"
   d="m 614.557,916.997 c -16.179,33.371 -25.631,74.41 -22.865,111.562 2.69,36.207 21.827,78.493 64.247,79.853 18.321,0.6 35.17,-6.696 39.528,-25.753 2.352,-10.255 4.336,-25.141 -3.653,-33.037 -1.428,-1.412 -3.17,-2.595 -5.288,-3.496 -4.155,-1.766 -3.924,-5.953 -1.619,-8.701 0.437,-0.521 0.953,-0.996 1.535,-1.374 1.714,-1.181 3.983,-1.628 6.331,-0.632 21.819,9.271 19.688,41.458 11.549,59.482 -0.61,1.366 -1.293,2.67 -2.037,3.924 -12.179,20.794 -40.329,26.701 -62.578,18.917 -73.405,-25.703 -67.581,-115.946 -47.847,-177.111 26.53,-82.268 105.617,-131.344 145.778,-206.032 23.608,-43.881 37.896,-92.691 28.348,-142.627 -7.602,-39.81 -19.709,-76.857 -48.387,-105.546 -2.399,-2.399 -4.912,-4.741 -7.554,-7.017 -0.145,-0.119 -0.28,-0.241 -0.401,-0.39 h -0.014 c -4.055,-4.096 0.208,-9.953 5.057,-9.966 1.39,0 2.813,0.476 4.113,1.596 0.636,0.551 1.271,1.11 1.903,1.671 47.374,42.416 66.417,115.326 59.206,177.073 -8.163,69.916 -52.163,130.256 -98.209,180.772 -24.444,26.824 -51.135,53.812 -67.143,86.832 z" /><path
   inkscape:connector-curvature="0"
   style="fill:#a8c545;fill-opacity:1"
   id="path118"
   d="m 983.62,686.934 c -14.13,10.365 -32.379,16.017 -49.297,17.832 -32.284,3.472 -53.629,-20.026 -75.104,-40.031 -1.072,-0.983 -2.231,-1.511 -3.372,-1.651 2.3,-31.908 -3.831,-64.239 -13.265,-94.606 -16.78,-53.94 -45.319,-110.249 -105.096,-119.395 3.058,-6.177 5.237,-12.499 6.721,-18.968 23.706,1.609 45.429,21.147 64.713,33.511 21.682,13.915 33.61,30.735 42.612,54.588 12.399,32.879 20.415,67.121 35.167,99.149 13.584,29.469 34.501,53.419 64.77,65.993 9.776,4.055 21.346,5.342 32.151,3.578 z" /><path
   inkscape:connector-curvature="0"
   style="fill:#114454;fill-opacity:1"
   id="path120"
   d="m 1016.902,662.508 c -11.476,32.185 -43.94,48.871 -76.103,53.917 -33.827,5.287 -57.265,-12.589 -80.093,-33.428 v -0.013 c -2.148,-1.964 -4.302,-3.948 -6.446,-5.947 -1.267,-1.183 -2.534,-2.362 -3.8,-3.547 -0.826,-0.766 -1.375,-1.617 -1.656,-2.47 -1.401,-4.081 2.754,-8.529 7.043,-7.942 1.146,0.142 2.3,0.667 3.372,1.652 21.475,20.003 42.819,43.503 75.104,40.031 16.918,-1.816 35.167,-7.467 49.297,-17.832 -10.805,1.764 -22.375,0.476 -32.146,-3.582 -30.273,-12.573 -51.187,-36.523 -64.774,-65.994 -14.748,-32.025 -22.768,-66.271 -35.167,-99.146 -9.002,-23.854 -20.931,-40.674 -42.612,-54.589 -19.284,-12.363 -41.005,-31.901 -64.71,-33.51 -0.559,-0.04 -1.131,-0.075 -1.691,-0.085 -7.968,-0.256 -7.991,-12.648 0,-12.391 1.254,0.037 2.51,0.121 3.753,0.242 16.093,1.558 30.76,9.658 43.966,18.772 14.57,10.033 31.133,18.309 44.121,30.452 22.561,21.101 30.797,51.216 39.837,79.83 10.242,32.396 19.784,68.867 42.099,95.422 10.829,12.876 25.106,25.935 41.906,30.2 15.47,3.921 39.69,4.615 46.768,-13.343 2.857,-7.274 14.651,-4.313 11.932,3.301 z" /><path
   style="fill:#a8c545;fill-opacity:1"
   inkscape:connector-curvature="0"
   id="path124"
   d="m 839.132,690.027 c -9.697,45.606 -40.503,84.662 -67.84,121.12 -3.07,4.105 -6.188,8.128 -9.335,12.086 -1.362,0.66 -2.508,1.84 -3.117,3.646 -0.05,0.145 -0.1,0.28 -0.146,0.426 -27.58,33.993 -57.925,62.847 -92.303,91.144 -27.493,22.64 -53.54,44.017 -62.491,79.915 -6.347,25.482 -5.215,64.978 19.806,80.764 16.849,10.625 52.16,16.971 65.233,-3.641 4.215,-6.649 4.958,-16.494 2.877,-25.865 7.987,7.895 6.005,22.782 3.655,33.037 -4.362,19.054 -21.211,26.351 -39.529,25.753 -42.423,-1.359 -61.557,-43.646 -64.248,-79.853 -2.766,-37.151 6.687,-78.19 22.863,-111.559 16.008,-33.023 42.699,-60.008 67.148,-86.831 46.05,-50.516 90.05,-110.857 98.21,-180.772 7.209,-61.748 -11.829,-134.657 -59.204,-177.072 3.765,-3.814 7.039,-7.712 9.879,-11.696 43.854,3.924 68.459,35.887 85.637,73.433 22.257,48.651 34.159,102.972 22.905,155.965 z" /><path
   style="fill:#db495e;fill-opacity:1"
   inkscape:connector-curvature="0"
   id="path126"
   d="m 779.304,932.082 c -11.317,34.863 -13.154,73.725 5.884,106.056 8.37,14.216 23.386,26.029 39.616,30.295 -30.896,1.513 -63.188,-33.365 -74.774,-61.53 -22.228,-54.096 1.074,-118.751 18.906,-171.264 12.854,-16.547 24.89,-33.784 36.875,-50.668 19.845,-27.967 36.512,-57.851 44.965,-91.096 2.883,9.031 7.138,17.85 9.637,26.741 7.38,26.23 -7.713,60.31 -18.794,83.274 -20.715,42.978 -47.477,82.473 -62.315,128.192 z" /><path
   style="fill:#114454;fill-opacity:1"
   inkscape:connector-curvature="0"
   id="path128"
   d="m 820.602,869.1 c -19.953,37.703 -40.567,79.842 -37.204,123.769 2.415,31.625 35.279,86.332 73.262,58.251 5.997,-4.432 11.808,4.728 7.506,9.724 -37.826,44.026 -94.521,6.701 -117.766,-33.646 -18.04,-31.317 -19.855,-66.72 -14.557,-102.049 0.888,-5.981 1.986,-11.948 3.252,-17.905 3.276,-15.524 7.649,-30.881 12.316,-45.745 3.705,-11.78 7.59,-23.243 11.279,-34.192 0.05,-0.146 0.098,-0.281 0.146,-0.426 0.609,-1.803 1.756,-2.985 3.121,-3.646 4.311,-2.095 10.771,1.155 8.833,6.936 -0.609,1.799 -1.232,3.632 -1.854,5.47 -17.832,52.515 -41.136,117.168 -18.906,171.264 11.587,28.165 43.879,63.043 74.774,61.53 -16.23,-4.266 -31.246,-16.079 -39.616,-30.295 -19.04,-32.331 -17.203,-71.192 -5.884,-106.056 14.838,-45.719 41.6,-85.214 62.314,-128.191 11.081,-22.965 26.174,-57.049 18.794,-83.274 -2.499,-8.894 -6.749,-17.712 -9.637,-26.741 -2.059,-6.464 -3.425,-13.033 -2.962,-19.793 0.091,-1.207 0.441,-2.218 0.99,-3.057 1.422,-2.231 4.163,-3.181 6.589,-2.841 2.715,0.365 5.054,2.328 4.813,5.897 -0.208,2.996 0,5.958 0.497,8.906 v 0.011 c 2.191,13.191 10.147,25.933 12.485,38.979 2.78,15.46 -0.839,34.873 -5.442,49.73 -10.757,34.692 -30.26,65.484 -47.143,97.39 z" /><g
   transform="translate(0,0.001)"
   id="g134"
   style="fill:#114454;fill-opacity:1">
			<path
   d="m 514.734,854.51 c -0.03,3.381 -2.771,6.197 -6.185,6.197 -3.351,0 -6.237,-2.813 -6.198,-6.197 0.022,-1.708 0.168,-3.423 0.23,-5.147 0.034,-1.038 0.085,-2.066 0.064,-3.094 -0.02,-0.272 -0.03,-0.566 -0.043,-0.852 v -0.011 c -0.011,-0.021 -0.011,-0.063 -0.021,-0.085 -2.154,-7.706 9.789,-10.977 11.943,-3.285 1.114,3.999 0.263,8.387 0.21,12.474 z"
   id="path132"
   style="fill:#114454;fill-opacity:1"
   inkscape:connector-curvature="0" />
		</g><g
   transform="translate(0,0.001)"
   id="g138"
   style="fill:#114454;fill-opacity:1">
			<path
   d="m 572.846,852.968 c 0.055,3.39 -2.833,6.207 -6.185,6.207 -3.401,0 -6.155,-2.824 -6.208,-6.207 -0.021,-3.459 -0.59,-6.877 -0.641,-10.338 -0.033,-3.378 2.847,-6.195 6.196,-6.195 3.413,0 6.156,2.813 6.196,6.195 0.043,3.457 0.612,6.879 0.642,10.338 z"
   id="path136"
   style="fill:#114454;fill-opacity:1"
   inkscape:connector-curvature="0" />
		</g><g
   transform="translate(0,0.001)"
   id="g142"
   style="fill:#114454;fill-opacity:1">
			<path
   d="m 663.78,579.873 c -0.034,0.254 -0.073,0.505 -0.114,0.746 -0.686,4.057 -1.935,8.037 -3.678,11.852 -0.999,2.235 -2.183,4.387 -3.497,6.488 -2.205,3.508 -4.811,6.795 -7.75,9.777 -1.389,1.431 -2.847,2.775 -4.391,4.055 -3.688,3.078 -7.73,5.694 -12.002,7.711 -10.324,4.903 -21.964,6.354 -33.075,2.488 -7.5,-2.594 -4.264,-14.566 3.299,-11.941 22.463,7.813 45.959,-12.689 49.267,-34.463 1.198,-7.876 13.139,-4.516 11.941,3.287 z"
   id="path140"
   style="fill:#114454;fill-opacity:1"
   inkscape:connector-curvature="0" />
		</g><g
   transform="translate(0,0.001)"
   id="g146"
   style="fill:#114454;fill-opacity:1">
			<path
   d="m 513.043,602.562 c -2.993,0.997 -6.123,1.993 -9.338,2.846 -4.021,1.1 -8.17,1.953 -12.234,2.267 -0.734,0.076 -1.461,0.106 -2.196,0.126 -4.159,0.141 -8.242,-0.326 -12.057,-1.732 -0.674,-0.239 -1.335,-0.512 -1.975,-0.816 -2.827,-1.325 -5.492,-3.226 -7.909,-5.832 -0.724,-0.797 -1.207,-1.628 -1.459,-2.477 -1.671,-5.485 5.523,-11.377 10.218,-6.282 8.664,9.368 23.432,3.364 33.662,-0.042 7.616,-2.53 10.839,9.43 3.288,11.942 z"
   id="path144"
   style="fill:#114454;fill-opacity:1"
   inkscape:connector-curvature="0" />
		</g><g
   transform="translate(0,0.001)"
   id="g150"
   style="fill:#114454;fill-opacity:1">
			<path
   d="m 476.285,603.61 c -0.368,0.534 -0.716,1.078 -1.041,1.637 -2.468,4.085 -4.361,8.499 -6.734,12.624 -3.991,6.931 -14.694,0.694 -10.711,-6.248 2.708,-4.708 4.778,-9.747 7.783,-14.263 0.104,-0.146 0.198,-0.285 0.294,-0.418 1.943,-2.511 5.304,-3.511 8.193,-1.817 2.77,1.638 4.085,5.671 2.216,8.485 z"
   id="path148"
   style="fill:#114454;fill-opacity:1"
   inkscape:connector-curvature="0" />
		</g><g
   transform="translate(0,0.001)"
   id="g154"
   style="fill:#114454;fill-opacity:1">
			<path
   d="m 489.328,607.474 c -0.011,0.116 -0.021,0.214 -0.053,0.323 -0.714,5.6 -1.858,10.848 -4.179,16.038 -1.377,3.09 -5.797,3.792 -8.465,2.219 -3.152,-1.84 -3.593,-5.377 -2.227,-8.468 1.386,-3.104 2.112,-6.743 2.532,-10.112 0.062,-0.484 0.157,-0.956 0.283,-1.409 0.766,-2.688 2.752,-4.778 5.912,-4.778 3.056,-0.001 6.607,2.836 6.197,6.187 z"
   id="path152"
   style="fill:#114454;fill-opacity:1"
   inkscape:connector-curvature="0" />
		</g><g
   transform="translate(0,0.001)"
   id="g158"
   style="fill:#114454;fill-opacity:1">
			<path
   d="m 504.631,616.574 c 0,7.977 -12.394,7.977 -12.394,0 0,-3.398 0.115,-6.075 -0.767,-8.9 -0.095,-0.296 -0.198,-0.59 -0.306,-0.871 -1.206,-3.162 1.305,-6.798 4.328,-7.637 3.487,-0.958 6.415,1.188 7.612,4.338 0.23,0.616 0.441,1.259 0.6,1.9 0.948,3.593 0.927,7.499 0.927,11.17 z"
   id="path156"
   style="fill:#114454;fill-opacity:1"
   inkscape:connector-curvature="0" />
		</g><g
   transform="translate(0,0.001)"
   id="g162"
   style="fill:#114454;fill-opacity:1">
			<path
   d="m 647.592,625.602 c -5.248,0.139 -10.985,-1.786 -15.249,-5.102 -0.955,-0.737 -1.828,-1.546 -2.604,-2.406 -2.269,-2.501 -2.491,-6.292 0,-8.762 2.291,-2.3 6.482,-2.512 8.75,0 1.524,1.671 3.697,2.86 5.86,3.457 1.111,0.305 2.214,0.454 3.242,0.432 7.995,-0.213 7.986,12.182 10e-4,12.381 z"
   id="path160"
   style="fill:#114454;fill-opacity:1"
   inkscape:connector-curvature="0" />
		</g><g
   transform="translate(0,0.001)"
   id="g166"
   style="fill:#114454;fill-opacity:1">
			<path
   d="m 672.392,607.495 c -5.504,7.722 -16.407,5.958 -23.653,1.238 -0.864,-0.574 -1.672,-1.165 -2.417,-1.801 -2.562,-2.186 -2.24,-6.514 0,-8.76 2.542,-2.523 6.206,-2.175 8.76,0 -1.103,-0.947 0.378,0.219 0.566,0.322 0.274,0.169 0.556,0.314 0.838,0.461 0.106,0.052 0.229,0.106 0.338,0.168 0.746,0.349 1.595,0.651 2.689,0.926 1.249,0.306 1.469,0.44 2.719,0.367 0.053,0 0.096,-0.011 0.147,0 2.006,-2.167 5.009,-3.026 7.804,-1.386 2.713,1.577 4.193,5.726 2.209,8.465 z"
   id="path164"
   style="fill:#114454;fill-opacity:1"
   inkscape:connector-curvature="0" />
		</g><path
   inkscape:connector-curvature="0"
   style="fill:#00c5a6;fill-opacity:1"
   id="path168"
   d="m 729.402,346.218 c -8.53,42.086 -65.514,65.927 -45.742,113.947 3.048,7.382 -8.938,10.574 -11.929,3.286 -9.957,-24.114 -4.257,-45.204 10.743,-65.631 13.053,-17.758 32.106,-33.705 35.152,-56.096 -4.576,2.793 -9.621,5.209 -14.883,7.55 -26.594,11.775 -40.814,31.406 -55.453,55.354 10.346,14.428 15.385,31.665 9.238,50.486 -10.428,31.948 -37.137,55.477 -64.738,73.143 -33.978,21.726 -72.73,31.809 -107.476,51.588 -18.77,10.691 -42.998,27.538 -47.566,50.583 -3.361,16.929 1.461,32.335 2.364,48.574 8.15,15.175 18.284,29.134 25.313,44.943 6.67,15.004 7.604,33.078 8.571,49.274 1.313,21.911 1.301,43.842 1.871,65.784 0.356,13.202 1.764,26.006 8.358,37.746 21.813,38.904 86.941,64.593 110.468,12.151 15.933,-35.542 -0.072,-75.262 13.623,-110.771 12.266,-31.801 35.269,-57.828 53.153,-86.513 10.284,-16.498 21.942,-33.2 28.368,-51.696 6.67,-19.127 8.738,-38.808 10.744,-58.869 2.132,-21.133 3.383,-42.272 5.011,-63.427 1.462,-18.777 2.616,-38.195 -5.378,-55.788 -3.269,-7.218 7.415,-13.519 10.714,-6.25 1.059,2.344 1.993,4.708 2.823,7.078 31.408,-33.298 22.395,-74.624 16.651,-116.446 z M 514.734,854.511 c -0.03,3.381 -2.771,6.197 -6.185,6.197 -3.351,0 -6.237,-2.813 -6.198,-6.197 0.022,-1.708 0.168,-3.423 0.23,-5.147 0.034,-1.038 0.085,-2.066 0.064,-3.094 -0.02,-0.272 -0.03,-0.566 -0.043,-0.852 v -0.011 c -0.011,-0.021 -0.011,-0.063 -0.021,-0.085 -2.154,-7.706 9.789,-10.977 11.943,-3.285 1.114,3.999 0.263,8.387 0.21,12.474 z m -1.691,-251.948 c -2.993,0.997 -6.123,1.993 -9.338,2.846 0.946,3.59 0.926,7.5 0.926,11.167 0,7.977 -12.394,7.977 -12.394,0 0,-3.398 0.115,-6.075 -0.767,-8.9 -0.734,0.076 -1.461,0.106 -2.196,0.126 -0.714,5.599 -1.858,10.848 -4.179,16.037 -1.377,3.092 -5.797,3.793 -8.465,2.219 -3.152,-1.84 -3.593,-5.376 -2.227,-8.465 1.386,-3.109 2.112,-6.745 2.532,-10.117 0.062,-0.48 0.157,-0.951 0.283,-1.406 -0.673,-0.239 -1.335,-0.512 -1.975,-0.816 -2.468,4.084 -4.36,8.495 -6.734,12.625 -3.99,6.93 -14.694,0.691 -10.711,-6.248 2.71,-4.708 4.778,-9.75 7.783,-14.266 0.104,-0.146 0.199,-0.285 0.294,-0.418 -1.671,-5.485 5.523,-11.376 10.219,-6.282 8.663,9.368 23.432,3.365 33.661,-0.042 7.616,-2.532 10.839,9.428 3.288,11.94 z m 53.619,256.608 c -3.401,0 -6.155,-2.821 -6.208,-6.204 -0.021,-3.459 -0.59,-6.879 -0.641,-10.338 -0.033,-3.381 2.847,-6.195 6.196,-6.195 3.413,0 6.156,2.814 6.196,6.195 0.041,3.459 0.608,6.879 0.639,10.338 0.057,3.391 -2.833,6.204 -6.182,6.204 z M 676.405,589.233 c -4.79,3.351 -10.831,4.514 -16.417,3.236 -0.999,2.234 -2.183,4.387 -3.497,6.487 0.106,0.052 0.229,0.106 0.337,0.168 0.746,0.349 1.596,0.651 2.689,0.926 1.25,0.306 1.47,0.44 2.72,0.367 0.052,0 0.095,-0.011 0.146,0 2.006,-2.167 5.012,-3.026 7.804,-1.386 2.709,1.576 4.189,5.725 2.205,8.464 -5.501,7.722 -16.403,5.958 -23.651,1.238 -1.389,1.431 -2.847,2.773 -4.391,4.056 1.111,0.305 2.218,0.454 3.247,0.432 7.994,-0.213 7.981,12.183 0,12.381 -5.253,0.139 -10.986,-1.786 -15.249,-5.102 -10.324,4.903 -21.964,6.351 -33.075,2.488 -7.5,-2.597 -4.264,-14.565 3.299,-11.944 22.463,7.814 45.959,-12.688 49.267,-34.461 1.198,-7.877 13.142,-4.513 11.944,3.288 -0.033,0.254 -0.072,0.505 -0.115,0.745 2.266,0.222 4.557,-0.732 6.489,-2.085 2.763,-1.948 6.87,-0.507 8.477,2.225 1.8,3.089 0.532,6.545 -2.229,8.477 z" /><path
   inkscape:connector-curvature="0"
   style="fill:#114454;fill-opacity:1"
   id="path170"
   d="m 676.405,589.233 c -4.79,3.351 -10.831,4.514 -16.417,3.236 -1.785,-0.393 -3.497,-1.044 -5.136,-1.944 -6.982,-3.875 -0.735,-14.567 6.25,-10.691 0.841,0.463 1.701,0.71 2.563,0.783 2.268,0.222 4.559,-0.732 6.489,-2.085 2.763,-1.947 6.868,-0.507 8.477,2.225 1.803,3.088 0.535,6.544 -2.226,8.476 z" /><path
   inkscape:connector-curvature="0"
   style="fill:#a8c545;fill-opacity:1"
   id="path174"
   d="m 747.414,861.497 c -4.665,14.864 -9.041,30.221 -12.313,45.745 -0.695,0.168 -1.405,0.51 -2.118,1.046 -11.747,8.737 -20.528,19.674 -29.214,31.358 -9.724,13.062 -12.754,24.925 -15.616,38.833 -9.966,-14.959 -15.496,-34.67 -10.758,-51.531 0.265,-0.935 0.316,-1.799 0.195,-2.592 18.651,-15.507 37.688,-30.603 55.111,-47.543 5.063,-4.922 9.962,-10.052 14.713,-15.316 z" /><path
   inkscape:connector-curvature="0"
   style="fill:#114454;fill-opacity:1"
   id="path176"
   d="m 739.227,918.984 c -2.535,1.889 -4.994,3.947 -7.382,6.163 -9.125,8.405 -17.078,18.869 -23.195,29.189 -7.749,13.07 -8.051,25.617 -11.111,39.945 -0.978,4.567 -7.247,5.967 -10.354,2.728 -14.72,-15.353 -24.948,-38.703 -23.781,-60.641 0.221,-4.324 0.891,-8.58 2.05,-12.707 1.899,-6.749 11.349,-5.057 12.132,0.692 0.12,0.79 0.068,1.657 -0.195,2.592 -4.738,16.861 0.789,36.572 10.757,51.531 2.862,-13.909 5.896,-25.772 15.616,-38.834 8.687,-11.684 17.469,-22.62 29.214,-31.357 0.714,-0.534 1.423,-0.878 2.118,-1.047 5.519,-1.399 9.758,7.57 4.131,11.746 z" /><path
   inkscape:connector-curvature="0"
   id="path98"
   d="m 544.011,371.469 c -0.146,10.329 -0.256,20.659 -0.34,30.988 -18.09,-7.832 -47.314,5.336 -60.131,15.995 -33.267,27.668 -51.711,69 -68.827,107.629 -17.627,39.788 -35.45,79.753 -68.865,108.98 -6.639,5.811 -13.887,10.96 -21.586,15.296 -1.975,-0.086 -3.983,0.731 -5.372,2.828 -0.014,0.013 -0.024,0.034 -0.024,0.048 h -0.013 c -16.47,8.271 -34.706,12.841 -53.198,12.294 -16.372,-0.491 -33.391,-8.142 -45.999,-18.163 -4.166,-3.301 -7.407,-7.02 -10.052,-11.003 17.203,7.884 39.155,8.136 55.854,2.362 37.251,-12.875 66.989,-47.46 89.988,-77.817 30.942,-40.873 52.284,-88.136 81.581,-130.152 12.487,-17.908 25.668,-36.3 41.649,-51.237 10.243,-9.585 23.206,-14.97 37.167,-15.845 5.738,-0.356 24.693,-1.394 26.984,5.641 0.282,0.852 0.686,1.569 1.184,2.156 z"
   style="fill:#a8c545;fill-opacity:1" /><path
   id="path100"
   d="m 364.268,634.5 c -4.058,15.998 -7.287,32.233 -7.15,48.645 -18.896,18.627 -47.449,21.814 -72.348,13.946 17.711,-5.288 30.258,-16.568 42.222,-33.804 13.68,-7.602 26.24,-17.641 37.276,-28.787 z"
   style="fill:#a8c545;fill-opacity:1"
   inkscape:connector-curvature="0" /><path
   inkscape:connector-curvature="0"
   id="path102"
   d="m 402.154,724.597 c -3.095,11.781 -10.05,21.732 -16.603,31.784 -2.361,3.616 -4.434,7.335 -6.322,11.118 0.184,-16.724 -0.608,-33.011 -4.777,-50.697 -2.459,-10.427 -3.629,-20.442 -3.824,-30.236 v -0.014 c 1.534,-2.341 1.255,-4.943 0.037,-6.958 0.536,-20.767 5.213,-40.883 11.072,-62.501 0.282,-1.026 0.306,-1.976 0.136,-2.827 0.692,-0.887 1.363,-1.79 2.034,-2.694 2.899,-3.912 5.641,-7.929 8.248,-12.022 -0.657,22.271 3.425,46.446 12.816,65.371 -0.34,1.301 -0.278,2.749 0.368,4.236 7.157,16.556 1.176,38.846 -3.185,55.44 z"
   style="fill:#db495e;fill-opacity:1" /><path
   inkscape:connector-curvature="0"
   id="path104"
   d="m 370.627,686.551 v 0.014 c -0.124,0.209 -0.282,0.428 -0.451,0.633 -3.569,4.362 -7.564,8.137 -11.877,11.369 -27.666,20.709 -68.62,18.662 -98.002,1.044 -5.421,-3.262 -2.961,-11.279 3.131,-11.544 16.678,-0.734 28.36,-5.422 38.275,-14.121 6.139,-5.36 11.598,-12.27 17.151,-20.709 h 0.013 c 0,-0.013 0.011,-0.034 0.025,-0.048 1.388,-2.097 3.397,-2.913 5.372,-2.827 4.276,0.16 8.345,4.509 5.324,9.09 -0.866,1.316 -1.729,2.59 -2.596,3.833 -11.964,17.237 -24.511,28.521 -42.222,33.806 24.898,7.873 53.452,4.681 72.349,-13.946 1.497,-1.465 2.935,-3.034 4.298,-4.705 3.011,-3.68 7.31,-2.058 9.246,1.154 1.219,2.013 1.499,4.616 -0.036,6.957 z"
   style="fill:#114454;fill-opacity:1" />
</svg>